pooled standard, 1994-2026, all 22 chambers: 7.22M segments, 1.530B tokens, 275 length bins

  stratum     length range (tokens)  segment share  token share
  0                          1 - 70          0.100        0.028
  1                         70 - 91          0.100        0.038
  2                        91 - 115          0.100        0.048
  3                       115 - 149          0.100        0.062
  4                       149 - 197          0.100        0.081
  5                       197 - 256          0.100        0.107
  6                       256 - 298          0.100        0.132
  7                       298 - 325          0.100        0.149
  8                       325 - 347          0.100        0.160
  9                     347 - 19911          0.100        0.195

==============================================================================
UK  (UK)  1985-2026
==============================================================================
  year         raw  token-std   seg-std  mean seg len
  1985      2314.3     2266.3    2235.1         279.0
  1986      2343.5     2304.2    2263.6         273.3
  1987      2323.5     2315.3    2271.7         282.8
  1988      2248.7     2203.7    2175.2         270.1
  1989      2275.1     2223.4    2187.1         274.2
  1990      2203.6     2156.8    2121.8         266.2
  1991      2213.4     2168.0    2139.4         263.7
  1992      2218.7     2170.7    2128.6         276.8
  1993      2202.0     2154.0    2112.5         263.0
  1994      2168.4     2115.0    2073.6         276.8
  1995      2205.5     2183.0    2117.8         287.3
  1996      2222.1     2170.9    2113.9         287.5
  1997      2272.9     2228.6    2188.1         285.7
  1998      2267.5     2222.3    2182.1         261.1
  1999      2348.4     2296.9    2260.3         269.7
  2000      2332.2     2281.2    2251.9         251.1
  2001      2381.8     2392.6    2339.9         213.5
  2002      2432.8     2450.3    2398.3         183.7
  2003      2419.8     2437.2    2399.1         175.1
  2004      2467.9     2485.8    2436.6         177.6
  2005      2473.1     2490.9    2447.8         174.6
  2006      2472.0     2496.7    2446.9         172.9
  2007      2526.3     2546.7    2495.6         175.9
  2008      2618.0     2633.0    2594.1         172.3
  2009      2708.1     2733.4    2682.7         175.3
  2010      2741.5     2765.3    2723.5         163.0
  2011      2734.5     2765.4    2719.2         157.0
  2012      2780.7     2810.8    2765.6         159.6
  2013      2801.1     2827.7    2786.7         160.3
  2014      2868.4     2896.1    2852.8         161.2
  2015      2895.2     2919.8    2879.7         162.5
  2016      2968.1     3001.7    2949.3         160.0
  2017      2974.9     3001.8    2960.6         155.2
  2018      3057.8     3099.8    3049.7         152.2
  2019      3040.2     3080.4    3028.2         153.1
  2020      3258.2     3277.1    3243.4         162.0
  2021      3267.1     3286.6    3242.1         173.4
  2022      3107.5     3135.6    3083.0         165.2
  2023      3136.6     3169.3    3116.6         165.2
  2024      3126.6     3145.5    3109.2         165.2
  2025      3297.2     3340.0    3285.8         153.7
  2026      3270.5     3312.7    3261.3         152.8

  ONSET (argmin of the annual series, the committed statistic)
    raw 1994    token-std 1994    seg-std 1994
  POST-2022 JUMP (2024/2025/2026 mean over 2018/2019/2020/2021/2022 mean)
    raw          3146.2 ->   3231.4   x1.027
    token-std    3175.9 ->   3266.1   x1.028
    seg-std      3129.3 ->   3218.7   x1.029
  1994-96 -> 2019
    raw          2198.7 ->   3040.2   x1.383
    token-std    2156.3 ->   3080.4   x1.429
    seg-std      2101.8 ->   3028.2   x1.441
  1994-96 -> 2026
    raw          2198.7 ->   3270.5   x1.487
    token-std    2156.3 ->   3312.7   x1.536
    seg-std      2101.8 ->   3261.3   x1.552

==============================================================================
ANGLO3  (UK, US-House, US-Senate)  1994-2026
==============================================================================
  year         raw  token-std   seg-std  mean seg len
  1994      2629.1     2775.6    2630.1         278.2
  1995      2647.4     2795.8    2646.8         276.8
  1996      2697.2     2848.7    2688.9         280.7
  1997      2781.0     2906.5    2763.4         282.1
  1998      2754.9     2896.8    2743.4         263.2
  1999      2840.6     2950.2    2805.1         273.9
  2000      2817.0     2942.3    2792.7         260.0
  2001      2854.3     2866.4    2735.7         242.9
  2002      2838.5     2832.5    2706.8         215.1
  2003      2881.7     2870.3    2749.7         217.1
  2004      2902.4     2897.0    2764.1         212.6
  2005      2894.6     2886.9    2766.1         217.6
  2006      2923.2     2921.4    2787.5         212.1
  2007      2961.0     2954.8    2825.7         213.3
  2008      2949.5     2955.2    2849.4         204.1
  2009      3010.5     3009.3    2919.7         211.6
  2010      3011.9     3032.5    2931.2         192.4
  2011      2921.5     2938.7    2858.0         184.4
  2012      2946.4     2968.3    2895.2         181.7
  2013      2975.9     2997.3    2923.0         184.0
  2014      3059.1     3082.6    2999.0         185.2
  2015      3087.2     3106.4    3029.3         187.8
  2016      3111.4     3142.1    3060.5         178.6
  2017      3077.7     3100.1    3039.4         176.4
  2018      3261.5     3275.9    3189.7         194.9
  2019      3250.9     3259.7    3176.0         199.8
  2020      3335.7     3337.5    3298.3         203.2
  2021      3360.4     3360.4    3295.7         207.3
  2022      3266.4     3275.9    3186.7         200.6
  2023      3185.7     3207.4    3143.2         181.0
  2024      3256.4     3262.3    3196.0         199.4
  2025      3326.8     3333.4    3285.4         191.6
  2026      3288.9     3297.2    3257.8         195.7

  ONSET (argmin of the annual series, the committed statistic)
    raw 1994    token-std 1994    seg-std 1994
  POST-2022 JUMP (2024/2025/2026 mean over 2018/2019/2020/2021/2022 mean)
    raw          3295.0 ->   3290.7   x0.999
    token-std    3301.9 ->   3297.6   x0.999
    seg-std      3229.3 ->   3246.4   x1.005
  1994-96 -> 2019
    raw          2657.9 ->   3250.9   x1.223
    token-std    2806.7 ->   3259.7   x1.161
    seg-std      2655.3 ->   3176.0   x1.196
  1994-96 -> 2026
    raw          2657.9 ->   3288.9   x1.237
    token-std    2806.7 ->   3297.2   x1.175
    seg-std      2655.3 ->   3257.8   x1.227

==============================================================================
WIDE-17  (17 chambers)  2006-2026
==============================================================================
  year         raw  token-std   seg-std  mean seg len
  2006      3116.2     3116.1    3018.3         211.0
  2007      3161.4     3159.3    3061.6         211.9
  2008      3183.2     3183.2    3094.2         210.9
  2009      3234.4     3233.0    3151.2         212.2
  2010      3210.7     3213.3    3117.3         207.3
  2011      3187.0     3193.2    3103.1         202.2
  2012      3230.9     3238.0    3152.9         203.1
  2013      3257.4     3263.2    3179.4         204.3
  2014      3277.9     3282.2    3199.3         204.9
  2015      3300.9     3303.0    3220.3         206.8
  2016      3340.1     3341.8    3253.8         207.4
  2017      3364.4     3366.8    3283.0         207.1
  2018      3369.6     3371.6    3286.8         207.1
  2019      3383.3     3381.3    3296.1         211.3
  2020      3516.9     3512.1    3439.9         215.8
  2021      3536.9     3529.2    3447.4         217.3
  2022      3447.2     3444.3    3353.6         212.2
  2023      3468.5     3472.1    3380.3         205.7
  2024      3474.1     3474.7    3391.5         208.6
  2025      3522.1     3521.4    3436.5         208.1
  2026      3516.5     3517.6    3441.0         207.0

  ONSET (argmin of the annual series, the committed statistic)
    raw 2006    token-std 2006    seg-std 2006
  POST-2022 JUMP (2024/2025/2026 mean over 2018/2019/2020/2021/2022 mean)
    raw          3450.8 ->   3504.2   x1.015
    token-std    3447.7 ->   3504.6   x1.016
    seg-std      3364.8 ->   3423.0   x1.017

==============================================================================
WHAT THE GUARD IS GUARDING AGAINST: segment-length drift
==============================================================================
  year         UK US-House US-Senat  WIDE mean  WIDE top-decile token share
  1985      279.0        -        -      279.0                        0.689
  1986      273.3        -        -      273.3                        0.680
  1987      282.8        -        -      282.8                        0.688
  1988      270.1        -        -      270.1                        0.667
  1989      274.2        -        -      274.2                        0.669
  1990      266.2        -        -      266.2                        0.662
  1991      263.7        -        -      263.7                        0.655
  1992      276.8        -        -      276.8                        0.677
  1993      263.0        -        -      263.0                        0.643
  1994      276.8    261.7    294.6      278.2                        0.491
  1995      287.3    236.3    285.7      276.8                        0.488
  1996      287.5    245.3    291.7      280.7                        0.484
  1997      285.7    247.5    296.9      282.1                        0.458
  1998      261.1    248.7    279.3      263.2                        0.451
  1999      269.7    254.3    292.0      273.9                        0.448
  2000      251.1    257.9    282.7      260.0                        0.434
  2001      213.5    258.9    290.9      242.9                        0.303
  2002      183.7    256.8    284.9      215.1                        0.162
  2003      175.1    254.0    288.4      217.1                        0.175
  2004      177.6    253.5    286.5      212.6                        0.154
  2005      174.6    259.2    297.7      217.6                        0.183
  2006      172.9    254.0    289.5      211.0                        0.165
  2007      175.9    252.2    293.3      211.9                        0.172
  2008      172.3    255.1    285.2      210.9                        0.162
  2009      175.3    247.2    293.9      212.2                        0.170
  2010      163.0    246.0    288.3      207.3                        0.173
  2011      157.0    246.0    291.8      202.2                        0.164
  2012      159.6    245.7    276.2      203.1                        0.159
  2013      160.3    246.2    280.5      204.3                        0.161
  2014      161.2    246.9    281.0      204.9                        0.158
  2015      162.5    243.8    280.5      206.8                        0.172
  2016      160.0    247.6    283.6      207.4                        0.176
  2017      155.2    255.3    285.7      207.1                        0.174
  2018      152.2    248.2    284.1      207.1                        0.175
  2019      153.1    247.7    288.1      211.3                        0.195
  2020      162.0    247.5    301.9      215.8                        0.200
  2021      173.4    247.9    283.7      217.3                        0.199
  2022      165.2    252.9    288.4      212.2                        0.194
  2023      165.2    237.8    280.9      205.7                        0.180
  2024      165.2    241.0    287.2      208.6                        0.184
  2025      153.7    240.9    287.1      208.1                        0.196
  2026      152.8    261.7    288.0      207.0                        0.195
